100 wierzchołków 25%
19
18
17
16
3
3
4
3
2
2
2
2
2
3
3
3
2
4
2
2
2
2
2
2
2
2
3
5
3
2
3
3
3
2
2
2
2
2
4
2
2
2
2
2
2
2
3
2
2
5
2
2
3
2
2
2
2
2
2
4
2
2
2
3
2
2
2
2
2
2
4
2
2
2
2
2
2
2
2
2
2
4
2
2
2
2
2
2
2
2
2
6
2
2
2
2
2
2
2
2
100 wierzchołków 50%
7
6
6
5
5
5
5
5
5
5
7
5
5
5
5
5
5
5
5
5
5
7
5
5
5
5
5
5
5
5
5
5
7
5
5
5
5
5
5
5
5
5
7
5
5
5
5
5
5
5
5
5
5
11
5
5
5
5
5
5
5
5
5
5
7
5
5
5
5
5
5
5
5
5
7
5
5
5
5
5
5
5
5
5
5
7
6
5
5
5
5
5
5
5
5
5
7
5
5
5
100 wierzchołków 75%
8
6
6
20
6
6
6
6
6
6
8
6
6
6
6
6
6
6
6
6
6
9
6
6
6
6
6
6
6
6
6
6
8
6
6
6
6
6
6
6
6
6
8
6
6
6
6
6
6
6
6
6
6
8
6
6
6
6
6
6
6
6
6
6
8
6
6
6
6
6
6
6
6
7
8
6
6
6
6
6
7
6
6
6
6
9
6
6
6
6
6
6
6
6
6
6
8
6
6
6
100 wierzchołków 100%
9
10
8
8
8
8
8
8
8
8
8
8
10
7
8
8
8
8
7
8
8
8
12
8
8
8
12
8
8
8
8
8
8
11
8
7
8
8
8
8
8
8
8
8
13
7
7
8
8
8
7
8
8
7
12
7
8
7
8
7
8
7
8
7
8
9
7
7
7
7
32
7
7
7
7
8
10
7
7
8
7
7
7
7
7
8
9
8
7
8
8
7
8
8
7
8
8
11
7
8
250 wierzchołków 25%
3
3
3
19
3
3
3
3
3
3
3
3
3
3
3
3
3
3
3
3
3
3
3
3
3
3
5
3
3
3
3
3
3
3
3
3
5
3
3
3
3
3
3
3
3
3
3
8
3
3
3
3
3
3
3
3
3
3
6
3
3
3
3
3
3
3
3
3
6
3
3
3
3
3
3
3
3
3
3
6
3
3
3
3
3
3
3
3
3
25
6
3
3
3
3
3
3
3
3
3
250 wierzchołków 50%
6
5
5
5
5
5
5
8
5
5
5
5
5
5
5
5
5
7
5
5
5
5
5
5
5
5
5
5
9
5
5
5
5
5
5
5
5
5
5
9
5
5
5
5
5
5
5
5
5
7
5
5
5
32
5
5
29
5
5
5
8
5
5
5
5
5
5
5
5
5
5
8
4
5
4
5
5
5
4
5
5
7
5
5
5
5
5
5
5
5
5
5
8
5
5
5
5
5
5
5
250 wierzchołków 75%
8
8
8
7
8
7
7
8
10
7
7
7
7
7
7
7
7
7
7
27
7
7
8
7
7
7
7
7
8
11
7
8
7
7
7
7
7
7
7
8
11
7
7
7
7
7
7
7
7
7
7
11
7
7
7
7
7
8
7
7
7
11
7
7
7
7
7
7
7
7
8
7
17
7
7
7
7
7
7
7
7
7
7
11
7
7
7
23
7
7
7
7
7
11
7
7
7
7
7
8
250 wierzchołków 100%
9
9
9
9
9
9
9
9
9
9
14
10
9
9
9
9
9
9
10
31
13
9
10
9
9
9
9
10
10
10
10
14
10
10
9
9
10
9
13
9
10
10
13
9
10
9
9
9
9
25
9
10
16
9
10
10
9
10
9
10
10
9
9
13
10
10
11
10
10
10
9
9
10
10
14
9
9
10
10
10
9
36
10
9
13
9
9
10
9
9
9
10
10
10
8
14
9
9
8
9
500 wierzchołków 25%
5
5
5
5
5
5
5
5
5
5
5
5
5
5
5
5
5
5
5
5
5
5
5
5
5
5
6
5
5
5
5
5
5
5
5
5
5
5
5
5
5
5
5
5
5
5
5
5
5
5
5
5
5
5
6
5
5
5
5
6
5
5
5
6
5
5
5
5
5
5
5
5
5
5
5
5
7
5
5
5
30
5
5
5
5
5
5
5
5
5
5
5
5
5
4
14
5
5
5
5
500 wierzchołków 50%
6
6
6
12
6
7
6
6
6
7
22
6
6
7
11
6
6
7
6
6
6
6
6
6
6
11
6
6
6
6
6
6
7
6
11
6
6
6
6
6
6
6
6
6
6
10
6
6
6
6
6
6
6
6
7
11
6
6
9
7
6
6
6
6
6
6
13
6
6
6
6
6
6
6
6
6
6
11
5
6
6
6
6
6
6
8
7
13
6
6
6
8
6
7
6
6
6
6
12
6
500 wierzchołków 75%
9
8
11
8
8
8
8
8
8
8
8
8
8
14
7
8
8
7
8
8
7
8
8
8
13
8
8
8
8
8
8
8
8
7
13
8
8
7
8
7
7
7
39
7
7
7
8
7
7
7
8
8
7
12
8
7
8
7
7
7
7
7
7
13
8
7
7
7
7
7
7
7
7
7
12
7
7
7
7
7
7
8
8
7
7
13
7
7
7
7
7
7
7
8
7
15
7
7
7
7
500 wierzchołków 100%
9
10
10
15
10
10
11
11
11
10
10
11
11
11
16
11
11
10
11
10
11
10
11
10
15
9
10
10
10
10
10
10
10
10
10
15
10
10
10
10
10
10
10
10
10
10
15
10
11
10
10
10
10
10
10
10
14
9
8
8
9
9
9
8
9
9
9
14
9
9
9
9
9
9
9
9
9
9
14
9
9
9
9
9
9
9
9
9
64
9
9
8
8
8
8
9
9
9
10
14
750 wierzchołków 25%
5
4
5
4
5
4
5
5
4
5
4
5
4
4
5
5
5
31
5
4
5
5
5
4
5
5
4
4
5
4
4
4
4
4
4
4
5
5
4
4
4
4
4
5
4
4
4
4
4
4
4
4
4
4
4
4
4
4
4
4
4
5
4
5
4
4
4
11
5
4
5
4
4
4
4
5
4
4
4
4
4
4
4
5
4
4
4
4
4
4
4
4
4
4
5
4
4
4
4
4
750 wierzchołków 50%
6
7
7
7
6
7
7
7
7
7
12
7
6
7
7
7
7
7
7
8
13
7
7
7
7
7
7
36
7
7
7
14
7
7
6
6
5
5
5
5
5
5
5
6
5
6
5
10
6
6
5
5
5
5
5
7
5
6
9
5
6
6
5
6
5
5
21
6
5
9
5
5
5
5
5
5
5
5
5
5
6
6
6
5
6
5
5
5
9
6
5
6
5
6
7
6
5
6
6
12
750 wierzchołków 75%
7
9
19
8
8
8
8
8
8
8
8
8
8
14
8
8
9
9
10
9
9
9
9
14
9
9
9
9
9
9
9
9
28
9
16
9
9
9
9
9
15
9
9
9
14
33
9
7
7
7
7
7
7
7
7
6
7
14
7
7
7
7
7
7
7
7
7
7
12
7
6
7
7
7
7
7
7
26
7
9
14
9
9
9
9
9
9
9
9
9
9
14
10
12
9
9
9
9
9
9
750 wierzchołków 100%
11
11
10
35
9
9
9
9
9
9
9
9
10
20
9
11
11
10
11
31
9
10
10
14
20
12
10
10
10
10
11
11
10
11
14
20
10
13
11
9
9
9
11
12
10
21
11
11
10
11
10
31
30
9
9
9
36
28
9
28
9
9
9
10
9
10
11
18
11
12
12
11
10
10
30
10
10
14
9
9
9
9
9
10
9
10
10
30
21
9
14
14
12
14
14
9
12
9
10
18
1000 wierzchołków 25%
5
5
5
5
4
4
4
4
25
32
4
4
4
4
36
4
4
37
4
4
4
5
4
4
4
4
4
4
4
4
4
4
4
4
4
4
4
4
4
4
4
4
3
3
3
4
4
4
4
3
4
4
4
23
4
4
4
4
4
4
3
21
3
34
4
4
4
4
4
25
5
5
5
5
5
5
5
5
6
5
5
32
5
6
5
5
6
5
5
5
5
5
5
5
5
5
5
5
5
5
1000 wierzchołków 50%
5
5
5
5
5
5
6
6
6
6
6
6
6
6
6
6
6
6
6
6
6
6
6
7
7
7
7
7
7
7
7
6
6
6
6
6
7
6
6
6
6
7
6
8
6
6
6
6
6
6
6
6
6
6
6
7
6
6
9
7
6
6
6
6
7
7
7
7
7
7
7
7
7
7
7
7
7
7
7
7
7
7
7
7
7
5
5
5
6
5
6
5
5
6
5
5
5
5
5
5
1000 wierzchołków 75%
7
7
8
8
7
7
6
7
7
14
7
7
6
7
7
7
7
7
7
9
9
9
9
9
9
9
9
9
9
11
9
9
8
9
7
9
27
9
9
33
15
9
9
9
9
9
9
9
9
9
8
8
15
8
8
8
8
8
9
8
9
9
8
15
7
8
8
8
8
8
8
8
12
8
8
8
8
8
8
13
9
9
9
8
8
9
9
9
9
8
13
9
9
9
8
7
8
11
9
8
1000 wierzchołków 100%
30
10
10
10
10
10
10
10
16
11
9
10
10
29
13
11
11
11
9
14
11
12
11
9
9
10
9
10
11
19
10
9
10
11
10
10
9
9
10
10
16
11
11
8
12
10
11
10
10
9
25
15
11
11
11
11
11
10
11
11
47
14
11
10
10
10
10
10
11
11
11
10
32
9
10
9
9
9
11
9
9
11
9
39
10
9
8
10
10
10
11
10
11
21
12
9
13
13
11
10
