100 wierzchołków 25%
477
468
454
454
90
90
91
90
90
89
89
89
90
89
90
92
90
90
90
89
90
89
88
89
88
88
128
89
91
90
93
101
90
90
88
88
90
90
89
88
89
90
89
89
89
90
88
89
89
92
89
89
90
89
90
89
89
89
89
90
89
88
89
89
89
89
89
88
88
89
88
89
90
89
90
89
89
89
89
88
88
107
90
89
89
89
91
89
89
89
89
88
89
89
88
89
108
90
89
89
100 wierzchołków 50%
107
104
101
102
101
102
101
128
101
141
101
100
100
100
101
101
100
99
99
99
101
101
100
101
99
100
99
99
101
101
99
100
100
101
99
99
100
99
100
100
100
100
100
98
99
100
102
101
100
100
101
100
101
101
100
100
100
99
99
100
99
99
100
99
99
99
100
101
101
100
100
100
101
100
99
100
100
99
100
100
101
99
100
100
137
100
101
100
100
104
100
101
101
100
101
100
101
99
99
100
100 wierzchołków 75%
93
94
91
108
91
92
90
90
91
90
90
90
91
89
91
90
91
90
89
94
90
90
90
90
91
90
90
90
91
90
91
89
90
91
92
93
91
93
91
93
92
92
93
90
93
91
93
93
93
93
92
93
91
93
93
94
92
97
93
93
92
93
98
93
92
91
91
93
91
93
92
93
91
93
92
93
92
93
94
96
100
92
92
92
94
93
92
92
92
91
92
92
93
93
93
92
93
93
93
94
100 wierzchołków 100%
69
68
65
65
64
64
63
64
64
63
65
64
64
64
64
64
63
68
63
65
64
64
63
63
64
66
89
68
66
65
65
64
63
64
65
64
63
64
65
65
64
68
64
65
65
64
61
63
62
103
63
61
61
62
62
62
62
66
63
63
64
62
62
64
62
63
62
63
62
62
62
62
63
61
62
61
60
63
62
103
61
62
61
62
62
62
63
63
63
62
63
63
62
62
63
63
62
62
61
63
250 wierzchołków 25%
579
564
570
570
566
568
567
567
598
568
564
567
569
567
567
580
576
564
564
567
566
573
568
568
566
572
569
568
567
567
578
566
566
613
570
566
615
566
568
625
564
566
571
565
563
572
566
567
610
562
568
565
566
568
571
569
566
565
569
568
569
569
566
568
650
574
569
614
566
562
612
567
566
613
567
567
612
570
572
606
569
571
571
563
569
571
568
568
562
568
570
565
566
568
563
565
566
568
568
568
250 wierzchołków 50%
674
664
658
612
613
606
610
611
607
610
608
607
608
613
607
610
611
607
609
673
655
610
609
609
608
617
610
613
609
616
608
609
610
612
608
612
614
609
613
608
609
611
610
607
611
612
605
609
612
609
658
612
653
612
659
611
614
608
610
608
607
605
614
609
611
608
611
609
609
611
606
611
609
609
605
610
609
610
607
615
608
608
613
611
612
608
610
605
611
611
610
611
611
611
612
609
611
620
629
608
250 wierzchołków 75%
573
617
572
572
575
574
571
575
581
568
568
573
571
571
570
570
572
569
570
570
575
572
579
573
572
571
574
571
568
572
567
577
571
571
576
572
579
574
569
576
568
570
610
573
569
568
574
573
568
568
569
573
573
571
573
577
570
573
615
571
568
575
567
568
571
576
572
570
569
572
568
571
573
568
573
574
572
579
569
569
573
567
572
570
573
571
568
654
575
569
572
572
571
576
569
572
573
566
573
576
250 wierzchołków 100%
393
389
406
391
391
385
390
385
393
393
401
404
400
391
410
396
397
455
443
399
400
394
400
396
395
390
397
399
397
398
403
394
400
400
399
393
398
395
426
394
394
398
399
398
397
400
398
401
406
417
400
423
416
402
404
403
397
405
400
466
431
406
393
400
398
393
462
393
396
413
395
397
401
395
393
397
403
397
397
402
399
389
403
395
401
396
394
396
400
411
396
393
394
403
399
391
382
392
385
389
500 wierzchołków 25%
2490
2351
2356
2437
2375
2402
2350
2355
2408
2358
2406
2337
2413
2370
2348
2392
2351
2451
2347
2352
2351
2404
2520
2351
2346
2347
2451
2474
2369
2357
2355
2421
2449
2347
2354
2438
2369
2504
2362
2351
2448
2354
2432
2354
2541
2369
2373
2351
2348
2597
2383
2370
2353
2345
2408
2462
2395
2354
2475
2387
2374
2379
2350
2399
2433
2381
2368
2432
2375
2400
2381
2385
2446
2362
2404
2371
2389
2432
2344
2357
2349
2465
2434
2357
2357
2353
2418
2435
2356
2350
2410
2382
2462
2377
2353
2359
2430
2369
2450
2376
500 wierzchołków 50%
2595
2634
2563
2658
2567
2631
2570
2549
2633
2624
2569
2549
2641
2644
2554
2548
2622
2717
2571
2554
2606
2777
2571
2626
2583
2805
2586
2734
2573
2594
2551
2769
2540
2548
2521
2706
2552
2528
2622
2634
2540
2541
2620
2532
2573
2539
2585
2532
2579
2559
2579
2532
2590
2589
2588
2553
2571
2634
2909
2673
2658
2782
2553
2566
2644
2809
2537
2578
2547
2835
2656
2703
2534
2690
2524
2611
2527
2529
2522
2732
2544
2558
2716
2776
2634
2681
2579
2645
2582
2621
2584
2623
2584
2626
2568
2574
2641
2546
2520
2579
500 wierzchołków 75%
2431
2349
2338
2484
2354
2433
2389
2340
2393
2388
2387
2376
2394
2432
2340
2371
2419
2347
2371
2423
2335
2372
2391
2339
2423
2392
2338
2381
2379
2421
2378
2378
2487
2327
2381
2425
2342
2391
2417
2409
2441
2405
2356
2410
2399
2356
2410
2400
2444
2359
2388
2418
2350
2349
2464
2364
2501
2397
2355
2424
2393
2365
2407
2393
2432
2382
2389
2410
2347
2384
2401
2364
2519
2397
2364
2409
2408
2359
2379
2386
2489
2563
2986
2477
2397
2403
2352
2490
2396
2354
2471
2369
2375
2528
2376
2432
2511
2479
2397
2425
500 wierzchołków 100%
1740
1741
1747
1729
1742
1727
1698
1701
1709
1706
1751
1701
1723
1697
1717
1711
1708
1700
1698
1707
1698
1729
1717
1715
1720
1722
1719
1707
1727
1722
1711
1714
1766
1721
1726
1716
1714
1724
1706
1710
1704
1701
1721
1696
1699
1714
1711
1707
1697
1703
1809
1705
1698
1702
1694
1702
1707
1687
1707
1705
1698
1704
1699
1713
1691
1700
1699
1708
1715
1696
1700
1722
1689
1715
1727
1716
1730
1721
1736
1730
1731
1724
1755
1761
1727
1727
1722
1725
1730
1726
1720
1707
1718
1714
1709
1716
1700
1718
1724
1727
750 wierzchołków 25%
5706
5721
5725
5670
5680
5637
5691
5686
5710
5661
5727
5671
5689
5703
5688
5659
5653
5660
5648
5726
5659
5701
5694
5695
5664
5700
5599
5585
5613
5569
5635
5589
5617
5575
5641
5581
5613
5579
5585
5589
5572
5591
5567
5641
5654
5633
5634
5622
5591
5657
5575
5575
5596
5589
5610
5595
5619
5587
5635
5601
5617
5579
5609
5596
5582
5570
5576
5639
5596
5652
5602
5620
5593
5609
5600
5578
5580
5567
5614
5589
5637
5585
5646
5581
5619
5585
5554
5570
5545
5549
5529
5580
5574
5604
5586
5618
5565
5601
5577
5558
750 wierzchołków 50%
6113
6096
6029
6057
6164
6188
6067
6288
6068
6206
6036
6044
6106
6055
6055
6059
6080
6073
6032
6201
6039
6058
6177
6116
6060
6179
6076
6133
6024
6062
6105
6043
6065
6058
6198
6119
6097
6240
6101
6120
6268
6154
6121
6574
6079
6387
6125
6109
6186
6146
6102
6328
6184
6179
6121
6524
6286
6348
6165
6110
6414
6102
6363
6091
6135
6206
6111
6152
6208
6166
6126
6104
6152
6162
6108
6126
6142
6153
6127
6055
6199
6031
6091
6168
6089
6200
6266
6056
6181
6029
6061
6106
6036
6047
6063
6145
6069
6164
6170
6082
750 wierzchołków 75%
5549
6439
5693
5720
5517
5496
5499
5506
5641
5720
5601
5660
5531
5504
5509
5673
5685
5667
5723
5666
5578
5679
5638
5591
5647
5587
5595
5705
5629
5576
5596
5727
5983
5766
5777
5643
5626
5587
5631
5684
5640
5651
5597
5596
5598
5595
5599
5570
5580
5594
5539
5547
5545
5553
5600
5573
5563
5559
5584
5598
5597
5658
5612
5540
5541
5770
5754
5722
5647
5763
5729
5759
5603
5586
5719
5697
5617
5600
5499
5470
5511
5489
5477
5513
5539
5572
5490
5501
5511
5515
5520
5507
5484
5525
5597
5603
5661
5658
5797
5653
750 wierzchołków 100%
4188
4237
4188
4181
4188
4204
4185
4166
4208
4199
4205
4418
4199
4196
4193
4220
4206
4218
4204
4207
4163
4181
4172
4164
4169
4158
4203
4176
4160
4130
4141
4127
4158
4220
4183
4205
4189
4191
4209
4198
4199
4205
4197
4188
4189
4168
4198
4164
4176
4163
4157
4181
4191
4172
4169
4180
4206
4197
4181
4181
4182
4192
4198
4172
4195
4204
4166
4170
4168
4174
4165
4124
4154
4143
4140
4149
4151
4225
4238
4241
4230
4226
4250
4171
4134
4216
4155
4162
4151
4215
4217
4209
4190
4216
4242
4226
4247
4243
4234
4230
1000 wierzchołków 25%
10209
10347
10322
10263
10155
10175
10188
10158
10155
10114
10062
10053
10148
10193
10108
10068
10076
10086
10071
10122
10763
10207
10229
10114
10117
10107
10143
10086
10060
10077
10061
10077
10143
10187
10100
10057
10075
10119
10139
10144
10100
10086
10196
10176
10238
10107
10228
10102
10117
10164
10241
10179
10202
10092
10088
10109
10112
10138
10132
10091
10115
10130
10106
10234
10147
10114
10088
10093
10078
10289
10182
10197
10196
10197
10316
10207
10263
10330
10203
10218
10346
10350
10361
10229
10274
10293
10391
10343
10202
10203
10176
10197
10407
10313
10229
10193
10205
10208
10412
10322
1000 wierzchołków 50%
10878
10831
10950
10808
11002
10837
10858
10829
10948
10848
10975
10830
10881
10812
11022
10809
10853
10850
11023
10812
10946
10872
10819
10833
10937
10914
10864
10896
10801
11071
10833
11001
10970
10938
10846
11011
10801
10937
10847
10981
10830
10853
10827
10886
10831
10994
10870
10987
10845
10897
10829
11065
10852
10981
10865
10957
10856
10975
11184
10986
10975
10976
11005
10837
10892
10893
10975
10882
11069
10888
11043
10951
10893
10881
10935
10877
10923
10964
10977
10883
10945
10859
11042
10911
10964
10874
11115
11001
10974
10899
11073
10931
10969
10940
10998
10933
11184
11069
11091
10983
1000 wierzchołków 75%
10089
10046
9973
10018
10116
10004
10031
10047
10246
10020
10033
10043
10025
10031
10010
10045
9987
10206
10023
9952
9987
9985
10071
9981
9995
9943
10131
9946
10038
9996
9993
9925
9959
9978
9981
9996
10093
9978
10008
10105
9969
9978
9962
9935
9988
10017
9974
9965
9979
9953
9888
9851
9862
9861
9907
9880
9867
9863
9851
9901
9869
9917
10147
9902
9944
9967
9943
9925
9963
9961
9942
9956
9974
9954
9915
9910
9967
9973
9945
9975
10000
10121
9955
9956
9925
10125
9917
9951
9983
10014
10089
9914
10007
9925
11162
11236
10459
10356
10737
10009
1000 wierzchołków 100%
7650
7706
7698
7664
7861
7631
7665
7955
7793
7723
7871
7666
7687
9191
7666
7661
7715
7708
7721
7679
7708
7686
7717
7706
7725
8768
7673
7711
7801
8305
7645
7721
7739
7712
7595
8409
7607
7734
7669
7679
7739
7703
7723
7764
7744
7614
7613
7782
7723
7782
7694
7730
7572
7549
7610
7593
7546
7681
7847
7622
7640
7703
7721
7711
7795
7823
7792
7792
7877
7707
7743
8134
7811
7687
7677
7839
7806
7827
7688
7662
7633
7618
7692
7745
7682
7702
7782
7657
7704
7683
7725
7572
7744
7708
7789
7703
7637
7643
7699
7655
